0.6976744
0.6976744
0.7058824
0.7058824
0.71428573
0.71428573
0.7058824
0.7058824
0.71428573
0.71428573
0.71428573
0.7058824
0.7058824
0.7058824
0.6976744
0.6976744
0.6976744
0.6818182
0.6741573
0.6741573
0.6741573
0.6666667
0.6666667
0.6666667
0.6666667
0.6593407
0.6593407
0.6593407
0.6593407
0.6593407
0.6593407
0.6593407
0.65217394
0.65217394
0.6593407
0.65217394
0.65217394
0.65217394
0.65217394
0.65217394
0.65217394
0.6451613
0.65217394
0.65217394
0.6593407
0.6593407
0.6593407
0.6593407
0.6593407
0.6593407
0.6666667
0.6593407
0.6593407
0.6593407
0.6593407
0.65217394
0.65217394
0.65217394
0.65217394
0.6451613
0.65217394
0.65217394
0.65217394
0.65217394
0.65217394
0.65217394
0.6593407
0.6593407
0.65217394
0.65217394
0.65217394
0.6451613
0.6451613
0.6451613
0.65217394
0.65217394
0.6593407
0.6593407
0.6666667
0.6666667
0.6741573
0.6741573
0.6741573
0.6666667
0.6593407
0.6593407
0.6593407
0.6593407
0.6666667
0.6666667
0.6741573
0.6741573
0.6741573
0.6741573
0.6741573
0.6741573
0.6666667
0.6666667
0.6593407
0.6593407
0.6593407
0.6593407
0.65217394
0.65217394
0.65217394
0.65217394
0.65217394
0.65217394
0.65217394
0.65217394
0.6593407
0.6666667
0.6666667
0.6741573
0.6741573
0.6741573
0.6741573
0.6666667
0.6593407
0.65217394
0.65217394
0.6593407
0.6666667
0.6741573
0.6741573
0.6741573
0.6741573
0.6593407
0.6593407
0.65217394
0.6451613
0.6451613
0.6451613
0.6451613
0.63829786
0.63829786
0.6451613
0.6451613
0.6593407
0.6593407
0.6666667
0.6666667
0.6741573
0.6741573
0.6741573
0.6741573
0.6666667
0.6666667
0.6666667
0.6666667
0.6741573
0.6741573
0.6818182
0.6818182
0.6818182
0.6896552
0.6896552
0.6896552
0.6976744
0.6976744
0.6976744
0.6896552
0.6741573
0.6741573
0.6666667
0.65217394
0.65217394
0.6451613
0.6451613
0.6451613
0.6451613
0.6451613
0.6451613
0.6451613
0.6451613
0.6451613
0.63829786
0.63829786
0.63829786
0.6451613
0.6451613
0.63829786
0.63829786
0.63829786
0.6315789
0.6315789
0.63829786
0.6315789
0.6315789
0.6315789
0.6315789
0.6315789
0.6315789
0.6315789
0.6315789
0.63829786
0.6315789
0.6315789
0.625
0.6185567
0.6122449
0.6122449
0.6185567
0.6122449
0.6122449
0.6122449
0.6122449
0.6185567
0.6185567
0.6315789
0.6315789
0.63829786
0.6451613
0.65217394
0.6593407
0.6666667
0.6666667
0.6741573
0.6741573
0.6741573
0.6741573
0.6741573
0.6818182
0.6741573
0.6818182
0.6818182
0.6818182
0.6818182
0.6818182
0.6896552
0.6896552
0.6818182
0.6741573
0.6593407
0.6593407
0.6666667
0.6666667
0.6666667
0.6666667
0.6666667
0.6666667
0.6666667
0.6666667
0.6666667
0.6666667
0.6666667
0.6666667
0.6593407
0.6593407
0.6593407
0.65217394
0.65217394
0.6451613
0.6451613
0.6451613
0.63829786
0.63829786
0.6315789
0.6315789
0.625
0.625
0.625
0.6315789
0.63829786
0.6451613
0.6451613
0.6451613
0.63829786
0.63829786
0.63829786
0.63829786
0.63829786
0.63829786
0.6451613
0.6451613
0.6451613
0.6451613
0.6451613
0.65217394
0.65217394
0.65217394
0.65217394
0.6451613
0.6451613
0.6451613
0.6451613
0.63829786
0.63829786
0.63829786
0.6451613
0.6451613
0.63829786
0.63829786
0.63829786
0.63829786
0.6315789
0.63829786
0.63829786
0.6315789
0.6315789
