0.606060606
0.6
0.6
0.6
0.606060606
0.612244898
0.618556701
0.625
0.625
0.631578947
0.638297872
0.631578947
0.631578947
0.625
0.612244898
0.612244898
0.606060606
0.618556701
0.618556701
0.612244898
0.606060606
0.606060606
0.6
0.6
0.6
0.6
0.606060606
0.612244898
0.625
0.631578947
0.638297872
0.638297872
0.638297872
0.638297872
0.638297872
0.638297872
0.631578947
0.631578947
0.631578947
0.631578947
0.631578947
0.631578947
0.625
0.625
0.618556701
0.612244898
0.612244898
0.618556701
0.618556701
0.625
0.625
0.631578947
0.631578947
0.631578947
0.64516129
0.64516129
0.652173913
0.652173913
0.64516129
0.64516129
0.631578947
0.631578947
0.631578947
0.625
0.625
0.625
0.618556701
0.606060606
0.606060606
0.606060606
0.606060606
0.606060606
0.606060606
0.606060606
0.606060606
0.612244898
0.612244898
0.618556701
0.618556701
0.618556701
0.618556701
0.612244898
0.606060606
0.606060606
0.606060606
0.606060606
0.606060606
0.606060606
0.606060606
0.606060606
0.606060606
0.612244898
0.612244898
0.606060606
0.612244898
0.612244898
0.606060606
0.606060606
0.606060606
0.606060606
0.606060606
0.606060606
0.606060606
0.606060606
0.606060606
0.6
0.594059406
0.594059406
0.594059406
0.6
0.606060606
0.606060606
0.606060606
0.612244898
0.612244898
0.612244898
0.612244898
0.612244898
0.612244898
0.612244898
0.618556701
0.618556701
0.618556701
0.625
0.625
0.618556701
0.618556701
0.618556701
0.612244898
0.606060606
0.606060606
0.606060606
0.612244898
0.618556701
0.618556701
0.625
0.625
0.625
0.625
0.625
0.625
0.625
0.625
0.625
0.625
0.625
0.625
0.618556701
0.618556701
0.618556701
0.618556701
0.618556701
0.618556701
0.618556701
0.618556701
0.618556701
0.618556701
0.612244898
0.612244898
0.612244898
0.612244898
0.606060606
0.612244898
0.612244898
0.618556701
0.618556701
0.618556701
0.618556701
0.618556701
0.618556701
0.612244898
0.612244898
0.612244898
0.612244898
0.612244898
0.606060606
0.6
0.6
0.606060606
0.612244898
0.612244898
0.612244898
0.618556701
0.618556701
0.618556701
0.618556701
0.625
0.625
0.625
0.625
0.625
0.618556701
0.618556701
0.612244898
0.612244898
0.612244898
0.618556701
0.625
0.631578947
0.631578947
0.631578947
0.625
0.625
0.618556701
0.612244898
0.612244898
0.618556701
0.618556701
0.618556701
0.618556701
0.618556701
0.618556701
0.618556701
0.618556701
0.612244898
0.618556701
0.618556701
0.625
0.625
0.631578947
0.631578947
0.631578947
0.625
0.625
0.612244898
0.606060606
0.606060606
0.6
0.606060606
0.6
0.6
0.594059406
0.594059406
0.594059406
0.594059406
0.594059406
0.594059406
0.594059406
0.594059406
0.588235294
0.588235294
0.588235294
0.582524272
0.582524272
0.588235294
0.582524272
0.582524272
0.588235294
0.582524272
0.582524272
0.588235294
0.582524272
0.588235294
0.588235294
0.588235294
0.588235294
0.588235294
0.588235294
0.582524272
0.588235294
0.588235294
0.582524272
0.582524272
0.582524272
0.582524272
0.582524272
0.588235294
0.588235294
0.594059406
0.594059406
0.594059406
0.594059406
0.588235294
0.588235294
0.594059406
0.588235294
0.588235294
0.588235294
0.588235294
0.588235294
0.588235294
0.588235294
0.588235294
0.588235294
0.588235294
0.588235294
0.588235294
0.588235294
0.594059406
0.594059406
0.594059406
0.588235294
0.588235294
0.588235294
0.582524272
0.582524272
0.582524272
0.582524272
0.588235294
0.588235294
