0.833333333
0.845070423
0.857142857
0.857142857
0.845070423
0.833333333
0.821917808
0.789473684
0.769230769
0.759493671
0.740740741
0.731707317
0.740740741
0.769230769
0.779220779
0.789473684
0.789473684
0.779220779
0.779220779
0.789473684
0.789473684
0.8
0.8
0.8
0.8
0.8
0.8
0.810810811
0.810810811
0.810810811
0.789473684
0.779220779
0.759493671
0.75
0.75
0.740740741
0.740740741
0.75
0.75
0.759493671
0.759493671
0.759493671
0.75
0.731707317
0.722891566
0.697674419
0.681818182
0.674157303
0.674157303
0.674157303
0.674157303
0.697674419
0.705882353
0.714285714
0.722891566
0.722891566
0.722891566
0.722891566
0.722891566
0.722891566
0.731707317
0.740740741
0.75
0.75
0.75
0.731707317
0.731707317
0.722891566
0.731707317
0.740740741
0.75
0.75
0.759493671
0.759493671
0.759493671
0.75
0.75
0.731707317
0.740740741
0.740740741
0.731707317
0.731707317
0.740740741
0.75
0.75
0.75
0.75
0.740740741
0.731707317
0.731707317
0.731707317
0.740740741
0.740740741
0.759493671
0.759493671
0.759493671
0.779220779
0.779220779
0.779220779
0.769230769
0.759493671
0.740740741
0.740740741
0.731707317
0.705882353
0.697674419
0.689655172
0.697674419
0.697674419
0.714285714
0.722891566
0.731707317
0.731707317
0.731707317
0.722891566
0.714285714
0.714285714
0.731707317
0.740740741
0.75
0.759493671
0.779220779
0.779220779
0.779220779
0.769230769
0.75
0.75
0.731707317
0.722891566
0.722891566
0.731707317
0.740740741
0.740740741
0.740740741
0.731707317
0.731707317
0.731707317
0.731707317
0.722891566
0.731707317
0.740740741
0.75
0.769230769
0.769230769
0.769230769
0.779220779
0.769230769
0.759493671
0.75
0.759493671
0.759493671
0.759493671
0.759493671
0.759493671
0.759493671
0.75
0.75
0.75
0.75
0.75
0.731707317
0.722891566
0.722891566
0.722891566
0.731707317
0.740740741
0.759493671
0.769230769
0.779220779
0.779220779
0.769230769
0.769230769
0.740740741
0.731707317
0.722891566
0.731707317
0.731707317
0.75
0.769230769
0.779220779
0.789473684
0.8
0.810810811
0.810810811
0.810810811
0.810810811
0.810810811
0.810810811
0.821917808
0.810810811
0.8
0.8
0.789473684
0.789473684
0.779220779
0.779220779
0.759493671
0.75
0.722891566
0.722891566
0.731707317
0.731707317
0.75
0.75
0.759493671
0.759493671
0.769230769
0.759493671
0.75
0.75
0.75
0.652173913
0.666666667
0.697674419
0.714285714
0.714285714
0.722891566
0.714285714
0.705882353
0.689655172
0.681818182
0.666666667
0.659340659
0.652173913
0.652173913
0.638297872
0.631578947
0.625
0.612244898
0.6
0.6
0.6
0.612244898
0.618556701
0.638297872
0.64516129
0.652173913
0.652173913
0.64516129
0.638297872
0.638297872
0.631578947
0.631578947
0.625
0.625
0.618556701
0.618556701
0.612244898
0.612244898
0.606060606
0.606060606
0.606060606
0.606060606
0.606060606
0.618556701
0.625
0.64516129
0.652173913
0.659340659
0.674157303
0.674157303
0.674157303
0.674157303
0.681818182
0.681818182
0.681818182
0.689655172
0.689655172
0.681818182
0.681818182
0.681818182
0.681818182
0.681818182
0.681818182
0.681818182
0.681818182
0.674157303
0.666666667
0.659340659
0.659340659
0.666666667
0.674157303
0.681818182
0.697674419
0.697674419
0.697674419
0.697674419
0.689655172
0.681818182
0.674157303
0.674157303
0.666666667
0.666666667
0.666666667
0.674157303
0.674157303
0.674157303
0.674157303
0.674157303
0.674157303
