0.631578947
0.638297872
0.638297872
0.631578947
0.625
0.631578947
0.631578947
0.631578947
0.64516129
0.652173913
0.666666667
0.674157303
0.681818182
0.681818182
0.674157303
0.674157303
0.674157303
0.674157303
0.666666667
0.666666667
0.652173913
0.652173913
0.652173913
0.652173913
0.659340659
0.659340659
0.652173913
0.64516129
0.64516129
0.64516129
0.64516129
0.638297872
0.638297872
0.64516129
0.64516129
0.64516129
0.64516129
0.64516129
0.638297872
0.638297872
0.631578947
0.631578947
0.631578947
0.625
0.618556701
0.618556701
0.618556701
0.618556701
0.612244898
0.612244898
0.612244898
0.606060606
0.606060606
0.612244898
0.606060606
0.606060606
0.606060606
0.6
0.6
0.6
0.6
0.606060606
0.606060606
0.606060606
0.606060606
0.606060606
0.612244898
0.612244898
0.612244898
0.606060606
0.606060606
0.606060606
0.6
0.6
0.594059406
0.588235294
0.588235294
0.594059406
0.6
0.606060606
0.6
0.6
0.6
0.606060606
0.6
0.6
0.6
0.606060606
0.612244898
0.612244898
0.612244898
0.618556701
0.618556701
0.625
0.631578947
0.638297872
0.638297872
0.64516129
0.64516129
0.64516129
0.638297872
0.638297872
0.638297872
0.631578947
0.631578947
0.631578947
0.625
0.625
0.625
0.625
0.625
0.618556701
0.618556701
0.618556701
0.606060606
0.606060606
0.612244898
0.612244898
0.612244898
0.606060606
0.606060606
0.606060606
0.612244898
0.612244898
0.612244898
0.612244898
0.612244898
0.612244898
0.612244898
0.606060606
0.606060606
0.6
0.6
0.594059406
0.594059406
0.594059406
0.6
0.606060606
0.606060606
0.612244898
0.612244898
0.612244898
0.612244898
0.612244898
0.618556701
0.618556701
0.618556701
0.625
0.631578947
0.631578947
0.631578947
0.625
0.625
0.625
0.618556701
0.618556701
0.612244898
0.618556701
0.612244898
0.612244898
0.606060606
0.6
0.594059406
0.594059406
0.588235294
0.588235294
0.588235294
0.588235294
0.582524272
0.582524272
0.582524272
0.588235294
0.588235294
0.588235294
0.588235294
0.594059406
0.6
0.606060606
0.606060606
0.606060606
0.612244898
0.612244898
0.618556701
0.618556701
0.618556701
0.625
0.625
0.625
0.625
0.625
0.625
0.625
0.625
0.625
0.625
0.625
0.618556701
0.612244898
0.612244898
0.612244898
0.612244898
0.606060606
0.612244898
0.612244898
0.606060606
0.612244898
0.612244898
0.612244898
0.612244898
0.618556701
0.618556701
0.625
0.631578947
0.631578947
0.638297872
0.638297872
0.638297872
0.638297872
0.631578947
0.631578947
0.618556701
0.618556701
0.618556701
0.618556701
0.618556701
0.618556701
0.618556701
0.612244898
0.618556701
0.618556701
0.625
0.625
0.631578947
0.631578947
0.631578947
0.631578947
0.631578947
0.631578947
0.631578947
0.625
0.625
0.625
0.625
0.625
0.625
0.618556701
0.618556701
0.618556701
0.618556701
0.612244898
0.612244898
0.612244898
0.618556701
0.625
0.625
0.631578947
0.631578947
0.631578947
0.631578947
0.631578947
0.631578947
0.625
0.625
0.625
0.625
0.625
0.618556701
0.618556701
0.618556701
0.618556701
0.612244898
0.612244898
0.612244898
0.612244898
0.606060606
0.606060606
0.6
0.6
0.594059406
0.582524272
0.582524272
0.582524272
0.582524272
0.588235294
0.588235294
0.588235294
0.588235294
0.588235294
0.588235294
0.588235294
0.588235294
0.588235294
0.594059406
0.594059406
0.6
0.6
0.606060606
0.612244898
0.612244898
0.618556701
