0.697674419
0.705882353
0.705882353
0.705882353
0.705882353
0.705882353
0.697674419
0.697674419
0.697674419
0.697674419
0.705882353
0.705882353
0.705882353
0.697674419
0.697674419
0.697674419
0.697674419
0.697674419
0.697674419
0.697674419
0.697674419
0.697674419
0.705882353
0.705882353
0.705882353
0.705882353
0.714285714
0.714285714
0.705882353
0.705882353
0.705882353
0.705882353
0.705882353
0.714285714
0.714285714
0.714285714
0.714285714
0.714285714
0.705882353
0.697674419
0.689655172
0.681818182
0.674157303
0.666666667
0.659340659
0.652173913
0.652173913
0.652173913
0.659340659
0.659340659
0.666666667
0.674157303
0.674157303
0.681818182
0.681818182
0.681818182
0.681818182
0.681818182
0.674157303
0.666666667
0.666666667
0.666666667
0.666666667
0.666666667
0.674157303
0.666666667
0.666666667
0.666666667
0.666666667
0.666666667
0.666666667
0.666666667
0.674157303
0.681818182
0.681818182
0.689655172
0.697674419
0.697674419
0.697674419
0.697674419
0.697674419
0.697674419
0.697674419
0.705882353
0.705882353
0.714285714
0.722891566
0.722891566
0.722891566
0.722891566
0.722891566
0.714285714
0.705882353
0.697674419
0.689655172
0.689655172
0.689655172
0.689655172
0.681818182
0.674157303
0.674157303
0.659340659
0.659340659
0.64516129
0.638297872
0.64516129
0.652173913
0.659340659
0.666666667
0.674157303
0.681818182
0.681818182
0.689655172
0.689655172
0.689655172
0.689655172
0.697674419
0.697674419
0.697674419
0.705882353
0.705882353
0.714285714
0.722891566
0.722891566
0.731707317
0.731707317
0.731707317
0.740740741
0.740740741
0.740740741
0.740740741
0.740740741
0.740740741
0.740740741
0.731707317
0.731707317
0.731707317
0.731707317
0.740740741
0.731707317
0.731707317
0.731707317
0.722891566
0.714285714
0.714285714
0.705882353
0.705882353
0.705882353
0.705882353
0.697674419
0.697674419
0.697674419
0.689655172
0.689655172
0.689655172
0.689655172
0.681818182
0.681818182
0.689655172
0.689655172
0.681818182
0.674157303
0.681818182
0.689655172
0.689655172
0.705882353
0.705882353
0.705882353
0.714285714
0.714285714
0.714285714
0.722891566
0.722891566
0.731707317
0.731707317
0.740740741
0.731707317
0.731707317
0.731707317
0.714285714
0.714285714
0.705882353
0.697674419
0.697674419
0.697674419
0.689655172
0.689655172
0.689655172
0.681818182
0.674157303
0.674157303
0.674157303
0.666666667
0.666666667
0.674157303
0.674157303
0.681818182
0.689655172
0.689655172
0.689655172
0.681818182
0.674157303
0.666666667
0.652173913
0.64516129
0.638297872
0.638297872
0.652173913
0.652173913
0.666666667
0.666666667
0.674157303
0.674157303
0.666666667
0.666666667
0.659340659
0.659340659
0.652173913
0.652173913
0.652173913
0.652173913
0.659340659
0.666666667
0.666666667
0.666666667
0.674157303
0.674157303
0.674157303
0.666666667
0.666666667
0.659340659
0.666666667
0.666666667
0.674157303
0.681818182
0.681818182
0.689655172
0.689655172
0.697674419
0.697674419
0.697674419
0.697674419
0.689655172
0.689655172
0.681818182
0.681818182
0.681818182
0.689655172
0.689655172
0.697674419
0.697674419
0.697674419
0.697674419
0.689655172
0.681818182
0.674157303
0.666666667
0.666666667
0.666666667
0.674157303
0.674157303
0.674157303
0.681818182
0.681818182
0.681818182
0.681818182
0.681818182
0.681818182
0.689655172
0.697674419
0.705882353
0.714285714
0.722891566
0.722891566
0.731707317
0.731707317
0.731707317
0.740740741
0.740740741
0.75
0.75
0.759493671
0.75
0.759493671
0.75
0.75
0.740740741
0.740740741
0.740740741
0.740740741
0.731707317
0.714285714
0.714285714
0.705882353
0.697674419
0.697674419
0.697674419
0.697674419
0.697674419
0.697674419
