0.6060606
0.6060606
0.5940594
0.5882353
0.5825243
0.5825243
0.5882353
0.5882353
0.5882353
0.5882353
0.5940594
0.5940594
0.5940594
0.5940594
0.5940594
0.6
0.6
0.6
0.5940594
0.5882353
0.5825243
0.5825243
0.5825243
0.5825243
0.5825243
0.5882353
0.5882353
0.5940594
0.6
0.6
0.6
0.6
0.6
0.6
0.6
0.6
0.5940594
0.5940594
0.5882353
0.5882353
0.5882353
0.5825243
0.5825243
0.5825243
0.5769231
0.5714286
0.5714286
0.5714286
0.5714286
0.5714286
0.5714286
0.5769231
0.5769231
0.5825243
0.5825243
0.5825243
0.5825243
0.5825243
0.5769231
0.5825243
0.5825243
0.5825243
0.5882353
0.5882353
0.5882353
0.5825243
0.5825243
0.5825243
0.5825243
0.5825243
0.5825243
0.5825243
0.5825243
0.5769231
0.5769231
0.5714286
0.5660377
0.5607477
0.5607477
0.5607477
0.5660377
0.5660377
0.5660377
0.5714286
0.5769231
0.5825243
0.5882353
0.5940594
0.5940594
0.5940594
0.5940594
0.5882353
0.5882353
0.5882353
0.5940594
0.6060606
0.6122449
0.6185567
0.625
0.6315789
0.63829786
0.6451613
0.65217394
0.65217394
0.65217394
0.65217394
0.6451613
0.6315789
0.6315789
0.63829786
0.63829786
0.6315789
0.625
0.625
0.625
0.6315789
0.6315789
0.6315789
0.6315789
0.63829786
0.6315789
0.625
0.625
0.6185567
0.6060606
0.6060606
0.6
0.6
0.5940594
0.5940594
0.5940594
0.5940594
0.5940594
0.5882353
0.5882353
0.5882353
0.5882353
0.5882353
0.6
0.6
0.5940594
0.5940594
0.6
0.6060606
0.6122449
0.6122449
0.6122449
0.6185567
0.625
0.625
0.625
0.625
0.625
0.625
0.6185567
0.6185567
0.6122449
0.6122449
0.6060606
0.6060606
0.6
0.6
0.5940594
0.5940594
0.5882353
0.5940594
0.5940594
0.5940594
0.5940594
0.5940594
0.5940594
0.5940594
0.5940594
0.5882353
0.5882353
0.5882353
0.5882353
0.5882353
0.5882353
0.5882353
0.5882353
0.5882353
0.5882353
0.5825243
0.5825243
0.5825243
0.5825243
0.5825243
0.5825243
0.5825243
0.5825243
0.5769231
0.5769231
0.5769231
0.5714286
0.5769231
0.5714286
0.5714286
0.5769231
0.5769231
0.5825243
0.5825243
0.5769231
0.5769231
0.5769231
0.5769231
0.5825243
0.5825243
0.5940594
0.5940594
0.5940594
0.5940594
0.5882353
0.5882353
0.5825243
0.5769231
0.5769231
0.5825243
0.5882353
0.5940594
0.6
0.6
0.6
0.6
0.5940594
0.5882353
0.5882353
0.5882353
0.5882353
0.5825243
0.5825243
0.5825243
0.5769231
0.5769231
0.5769231
0.5769231
0.5769231
0.5714286
0.5714286
0.5660377
0.5660377
0.5660377
0.5660377
0.5660377
0.5660377
0.5660377
0.5660377
0.5714286
0.5769231
0.5825243
0.5940594
0.6
0.6
0.6060606
0.6060606
0.6060606
0.6060606
0.6060606
0.6060606
0.6060606
0.6060606
0.6060606
0.6060606
0.6060606
0.6060606
0.6122449
0.6185567
0.6185567
0.6185567
0.6185567
0.6185567
0.6185567
0.6185567
0.6185567
0.6122449
0.6060606
0.6
0.6
0.6
0.6
0.5940594
0.5940594
0.5940594
0.5940594
0.5882353
0.5882353
0.5825243
0.5825243
0.5882353
0.5882353
0.5882353
0.5882353
0.5940594
0.6
0.6
0.6
0.6
0.6
0.6
0.6
