0.576923077
0.576923077
0.582524272
0.588235294
0.588235294
0.594059406
0.594059406
0.594059406
0.594059406
0.606060606
0.606060606
0.618556701
0.618556701
0.625
0.625
0.631578947
0.631578947
0.631578947
0.638297872
0.64516129
0.64516129
0.638297872
0.631578947
0.625
0.625
0.618556701
0.618556701
0.612244898
0.618556701
0.618556701
0.618556701
0.612244898
0.612244898
0.6
0.594059406
0.6
0.6
0.606060606
0.606060606
0.606060606
0.606060606
0.606060606
0.6
0.6
0.6
0.6
0.6
0.6
0.6
0.606060606
0.606060606
0.612244898
0.612244898
0.612244898
0.612244898
0.612244898
0.618556701
0.618556701
0.618556701
0.612244898
0.612244898
0.612244898
0.612244898
0.606060606
0.606060606
0.606060606
0.606060606
0.6
0.6
0.588235294
0.588235294
0.582524272
0.576923077
0.576923077
0.576923077
0.576923077
0.576923077
0.582524272
0.582524272
0.588235294
0.594059406
0.594059406
0.6
0.6
0.6
0.6
0.594059406
0.588235294
0.594059406
0.6
0.606060606
0.612244898
0.612244898
0.618556701
0.618556701
0.618556701
0.618556701
0.612244898
0.606060606
0.6
0.594059406
0.594059406
0.594059406
0.594059406
0.594059406
0.594059406
0.594059406
0.594059406
0.588235294
0.582524272
0.588235294
0.582524272
0.582524272
0.582524272
0.582524272
0.582524272
0.582524272
0.576923077
0.576923077
0.571428571
0.571428571
0.576923077
0.576923077
0.576923077
0.582524272
0.588235294
0.588235294
0.594059406
0.594059406
0.594059406
0.594059406
0.6
0.6
0.6
0.606060606
0.606060606
0.612244898
0.612244898
0.606060606
0.606060606
0.606060606
0.606060606
0.606060606
0.606060606
0.606060606
0.606060606
0.606060606
0.606060606
0.606060606
0.606060606
0.606060606
0.606060606
0.612244898
0.618556701
0.618556701
0.618556701
0.618556701
0.612244898
0.612244898
0.612244898
0.612244898
0.612244898
0.606060606
0.612244898
0.612244898
0.612244898
0.618556701
0.612244898
0.618556701
0.612244898
0.612244898
0.612244898
0.618556701
0.618556701
0.618556701
0.618556701
0.618556701
0.618556701
0.618556701
0.625
0.625
0.625
0.625
0.625
0.625
0.612244898
0.612244898
0.606060606
0.6
0.6
0.6
0.6
0.6
0.6
0.594059406
0.6
0.6
0.6
0.6
0.6
0.606060606
0.606060606
0.606060606
0.6
0.6
0.6
0.594059406
0.594059406
0.588235294
0.588235294
0.594059406
0.594059406
0.6
0.6
0.606060606
0.606060606
0.606060606
0.612244898
0.618556701
0.618556701
0.618556701
0.618556701
0.625
0.618556701
0.618556701
0.612244898
0.612244898
0.612244898
0.612244898
0.612244898
0.612244898
0.618556701
0.631578947
0.638297872
0.64516129
0.64516129
0.652173913
0.64516129
0.64516129
0.638297872
0.638297872
0.631578947
0.631578947
0.625
0.618556701
0.612244898
0.612244898
0.606060606
0.6
0.6
0.594059406
0.594059406
0.594059406
0.588235294
0.588235294
0.582524272
0.582524272
0.582524272
0.576923077
0.576923077
0.576923077
0.576923077
0.576923077
0.576923077
0.576923077
0.576923077
0.576923077
0.576923077
0.576923077
0.576923077
0.571428571
0.576923077
0.571428571
0.571428571
0.571428571
0.566037736
0.566037736
0.566037736
0.566037736
0.560747664
0.560747664
0.560747664
0.555555556
0.550458716
0.545454545
0.545454545
0.540540541
0.540540541
0.540540541
0.535714286
0.535714286
0.535714286
0.530973451
0.530973451
0.535714286
0.535714286
0.540540541
0.540540541
0.545454545
0.550458716
